chn = [3	4	10	11	18	19;    4	5	11	12	19	20;    5	6	12	13	20	21;    6	7	14	15	21	22;    7	8	14	15	22	23;    8	9	15	16	23	24;    17	18	25	26	34	35;    18	19	26	27	35	36;    19	20	27	28	36	37;    20	21	28	29	37	38;    21	22	29	30	38	39;    22	23	30	31	39	40;    23	24	31	32	40	41;    35	36	42	43	49	50;    36	37	43	44	50	51;    37	38	44	45	51	52;    38	39	45	46	52	53;    39	40	46	47	53	54;    40	41	47	48	54	55]
